Query Hits:
    avg_hops = 1.36
    avg_latency = 0.009291

Src Node:
    initial_requests = 7.0
    retried_requests = 1.1333333333333333
    query_hits = 1.5333333333333334
    query_success_rate = 21.90%
    query_failure_rate = 78.10%

Sink Node:
    received_requests = 1.5333333333333334

Intermediate Nodes:
    received_requests = 1.5333333333333334
    sent_requests = 0.8866666666666667
    forwarded_hits = 0.09333333333333335
    overhead = 40.31%
    efficiency = 45.93%