Query Hits:
    avg_hops = 5.91
    avg_latency = 0.028195

Src Node:
    initial_requests = 11.866666666666667
    retried_requests = 2.8666666666666667
    query_hits = 20.133333333333333
    query_success_rate = 169.66%
    query_failure_rate = -69.66%

Sink Node:
    received_requests = 20.133333333333333

Intermediate Nodes:
    received_requests = 21.35333333333334
    sent_requests = 10.306666666666667
    forwarded_hits = 3.433333333333334
    overhead = 53.98%
    efficiency = 32.01%