Query Hits:
    avg_hops = 3.00
    avg_latency = 0.015126

Src Node:
    initial_requests = 7.533333333333333
    retried_requests = 3.2
    query_hits = 0.6
    query_success_rate = 7.96%
    query_failure_rate = 92.04%

Sink Node:
    received_requests = 0.6

Intermediate Nodes:
    received_requests = 0.7800000000000001
    sent_requests = 0.4800000000000001
    forwarded_hits = 0.05999999999999999
    overhead = 25.85%
    efficiency = 72.11%