Query Hits:
    avg_hops = 1.40
    avg_latency = 0.008376

Src Node:
    initial_requests = 7.866666666666666
    retried_requests = 2.533333333333333
    query_hits = 0.6
    query_success_rate = 7.63%
    query_failure_rate = 92.37%

Sink Node:
    received_requests = 0.6

Intermediate Nodes:
    received_requests = 0.8866666666666668
    sent_requests = 0.5933333333333334
    forwarded_hits = 0.013333333333333334
    overhead = 36.47%
    efficiency = 62.50%