Query Hits:
    avg_hops = 5.15
    avg_latency = 0.027566

Src Node:
    initial_requests = 15.266666666666667
    retried_requests = 2.8666666666666667
    query_hits = 184.13333333333333
    query_success_rate = 1206.11%
    query_failure_rate = -1106.11%

Sink Node:
    received_requests = 184.13333333333333

Intermediate Nodes:
    received_requests = 178.04000000000002
    sent_requests = 44.33999999999999
    forwarded_hits = 6.173333333333333
    overhead = 33.66%
    efficiency = 44.21%